

 
              1.8315
               1.825
              1.8512
               1.843
               1.862
              1.8935
              1.9005
              1.8827
               1.863
              1.8575
              1.8595
              1.8267
               1.843
               1.828
               1.818
              1.8115
              1.8225
               1.806
               1.814
                1.82
              1.8345
              1.8455
              1.8695
              1.8715
               1.877
                1.88
               1.876
               1.891
               1.874
               1.884
               1.893
              1.9125
               1.922
              1.8945
              1.9015
               1.912
              1.9065
              1.9145
              1.9125
              1.9363
               1.937
              1.9555
                1.96
              1.9465
              1.9495
              1.9345
              1.9515
              1.9477
              1.9305
              1.9233
              1.8955
              1.8817
               1.859
              1.8845
              1.8915
              1.8855
              1.8742
              1.8805
              1.8867
              1.8922
                1.89
              1.8895
              1.9035
               1.911
              1.9275
               1.916
              1.9235
               1.916
               1.923
              1.8935
              1.8815
               1.876
              1.8575
               1.872
              1.8744
               1.895
              1.8865
               1.889
               1.874
               1.851
                1.86
              1.8746
              1.8745
              1.8835
               1.867
              1.8685
              1.8636
              1.8616
              1.8595
              1.8604
              1.8447
              1.8494
              1.8515
              1.8415
              1.8325
               1.833
              1.8398
               1.842
              1.8518
              1.8505
              1.8355
              1.8285
               1.832
              1.8225
              1.8215
              1.8177
              1.8228
              1.8269
              1.8385
              1.8255
              1.8105
              1.8086
               1.811
              1.7986
              1.8038
              1.8053
               1.809
              1.8099
               1.803
              1.8035
              1.8037
              1.8085
              1.8025
               1.787
               1.781
              1.7824
              1.7833
              1.7869
              1.7877
              1.7683
               1.749
              1.7645
               1.757
               1.763
              1.7656
              1.7555
              1.7635
              1.7618
               1.771
               1.772
               1.776
              1.7731
              1.7772
               1.775
               1.784
              1.7935
               1.797
               1.802
              1.8035
              1.8203
              1.8275
              1.8364
               1.832
              1.8385
              1.8289
              1.8225
              1.8227
              1.8085
              1.7985
              1.7785
              1.7945
               1.806
              1.8056
               1.801
              1.7982
               1.793
              1.7878
              1.7875
              1.7956
              1.7955
                1.79
               1.782
              1.7759
              1.7635
              1.7726
               1.765
              1.7615
              1.7565
              1.7425
              1.7395
               1.722
              1.7425
               1.732
               1.741
              1.7255
              1.7203
              1.7295
               1.743
              1.7347
              1.7335
               1.732
               1.725
              1.7085
              1.7107
              1.7255
               1.737
              1.7265
               1.723
              1.7183
              1.7182
              1.7405
               1.734
              1.7451
               1.745
                1.76
              1.7615
              1.7541
              1.7491
              1.7425
              1.7405
              1.7495
              1.7524
              1.7332
              1.7165
              1.7115
              1.6935
              1.7095
              1.6972
              1.6985
               1.702
              1.7033
               1.705
              1.7315
              1.7216
              1.7395
              1.7408
              1.7563
               1.772
              1.7695
                1.74
              1.7173
              1.7225
               1.735
              1.7346
              1.7241
              1.7431
              1.7195
              1.7226
              1.7147
              1.7038
              1.7093
               1.714
              1.7053
              1.7133
              1.7155
              1.7103
               1.716
              1.7117
              1.7056
              1.7017
              1.6957
              1.6971
              1.6947
              1.6975
              1.6837
              1.6852
              1.6933
               1.701
              1.7145
              1.7173
              1.7261
              1.7147
              1.7102
               1.702
               1.709
              1.7073
              1.6957
              1.6953
              1.6977
              1.6798
              1.6862
               1.685
              1.6756
              1.6765
              1.6781
              1.6822
              1.6794
              1.6692
              1.6635
              1.6544
              1.6577
              1.6656
              1.6555
              1.6512
              1.6325
               1.625
              1.6005
              1.6017
              1.6211
               1.594
              1.5935
              1.5991
              1.5845
               1.597
              1.6146
              1.6302
              1.6302
                1.63
               1.639
               1.628
              1.6284
              1.6253
              1.6116
              1.6158
              1.6045
              1.6196
              1.6132
               1.621
               1.617
              1.6147
              1.6091
              1.6115
               1.596
               1.606
               1.625
               1.622
              1.6175
              1.6242
               1.622
                1.61
              1.6045
              1.5936
              1.5675
              1.5788
              1.5825
              1.5805
              1.5905
               1.575
              1.5718
               1.569
              1.5715
               1.536
               1.541
               1.547
               1.538
               1.537
              1.5254
              1.5255
              1.5195
               1.521
               1.518
               1.526
              1.5395
              1.5426
              1.5434
              1.5465
              1.5375
              1.5475
              1.5465
              1.5446
              1.5435
               1.537
              1.5207
              1.5228
              1.5295
              1.5294
              1.5155
              1.5077
              1.5067
              1.5122
              1.5127
              1.5185
              1.5056
              1.5036
               1.511
                 1.5
               1.506
              1.5145
               1.507
              1.5062
               1.489
               1.472
              1.4695
              1.4616
              1.4644
               1.462
              1.4535
              1.4549
              1.4641
              1.4816
              1.5008
               1.516
              1.5068
              1.5036
              1.5244
              1.5332
               1.543
              1.5327
               1.543
               1.556
               1.556
               1.551
              1.5442
              1.5481
               1.566
              1.5717
              1.5647
              1.5602
               1.562
              1.5775
              1.5832
              1.5817
              1.5791
               1.573
              1.5655
               1.569
              1.5696
              1.5657
              1.5582
              1.5539
              1.5599
              1.5566
               1.558
              1.5545
              1.5715
              1.5855
              1.5972
              1.5979
              1.6061
               1.589
              1.5826
              1.5619
              1.5752
              1.5709
              1.5721
               1.583
              1.5748
              1.5515
              1.5285
              1.5195
              1.5292
              1.5255
              1.5295
              1.5318
              1.5311
              1.5415
              1.5476
              1.5441
                1.53
               1.527
              1.5346
              1.5326
              1.5299
              1.5289
              1.5396
              1.5413
                1.54
              1.5347
               1.531
              1.5321
              1.5302
              1.5165
              1.5217
              1.5207
              1.5284
              1.5264
              1.5205
              1.5188
              1.5264
              1.5266
              1.5267
              1.5205
              1.5119
              1.5087
              1.5047
              1.4892
              1.4845
              1.4848
              1.4905
              1.4816
              1.4783
              1.4834
              1.4886
              1.5027
              1.5167
              1.5222
              1.5183
              1.5267
              1.5284
              1.5233
              1.5063
              1.4966
               1.496
              1.4936
                 1.5
              1.4959
              1.5016
              1.5002
              1.4865
               1.492
               1.495
              1.5022
              1.4934
              1.4903
              1.4935
              1.4972
              1.5055
              1.5106
              1.5051
              1.4976
              1.5009
              1.5042
              1.4969
              1.5002
              1.5001
               1.495
              1.4836
              1.4766
              1.4847
              1.4918
              1.5064
              1.5118
              1.5069
               1.505
              1.4992
               1.497
              1.5024
              1.5011
              1.4982
              1.4992
              1.5014
              1.4983
              1.4994
              1.4975
              1.4948
              1.4966
              1.4943
              1.4942
              1.4875
              1.4886
               1.485
              1.4856
              1.4838
              1.4855
              1.4884
              1.4859
              1.4868
              1.4842
              1.4862
              1.4788
              1.4705
              1.4679
              1.4695
              1.4687
              1.4657
              1.4595
              1.4616
              1.4568
              1.4664
              1.4595
              1.4565
              1.4506
                1.45
              1.4477
              1.4417
              1.4369
              1.4338
              1.4212
              1.4185
              1.4207
              1.4169
              1.4191
              1.4194
              1.4235
              1.4268
               1.433
              1.4347
               1.447
               1.452
              1.4308
               1.416
              1.4122
              1.4074
              1.3996
              1.4061
              1.3972
              1.3968
              1.4103
              1.4166
              1.4157
              1.4074
              1.4204
              1.4025
              1.4098
              1.3983
              1.4028
              1.4088
              1.4046
              1.4061
              1.4033
              1.4069
              1.4205
              1.4235
              1.4272
              1.4135
               1.413
              1.4235
              1.4144
              1.4183
               1.422
              1.4357
              1.4473
                1.45
              1.4463
              1.4474
              1.4552
              1.4629
              1.4672
              1.4673
              1.4901
              1.4915
              1.4807
               1.485
              1.4842
              1.4804
              1.4795
              1.4673
              1.4605
              1.4561
              1.4627
              1.4748
              1.4567
              1.4481
              1.4417
              1.4387
              1.4316
               1.429
              1.4375
              1.4415
              1.4501
              1.4462
              1.4515
              1.4415
              1.4394
              1.4282
              1.4317
              1.4345
              1.4285
              1.4348
               1.433
              1.4408
               1.437
              1.4275
              1.4228
               1.422
              1.4185
              1.4212
              1.4116
              1.4129
              1.4064
              1.4057
              1.3962
               1.396
              1.3988
              1.4035
              1.4122
              1.3822
              1.3836
              1.3824
              1.3845
              1.3859
              1.3855
              1.3922
               1.398
              1.3882
              1.3937
              1.3896
              1.3847
              1.3753
              1.3837
               1.384
              1.3846
              1.3865
              1.3955
              1.4015
              1.3969
              1.3993
              1.3989
              1.3942
              1.3957
              1.3867
              1.3848
               1.386
              1.3782
              1.3756
              1.3759
               1.368
              1.3647
              1.3635
               1.352
              1.3533
              1.3485
                1.35
              1.3563
              1.3495
               1.336
               1.336
               1.326
               1.319
              1.3095
               1.307
              1.3092
              1.3091
              1.3212
              1.3252
              1.3227
              1.3149
              1.3228
              1.3241
              1.3176
              1.3212
              1.3325
              1.3305
              1.3115
              1.3085
               1.311
              1.3012
              1.3124
               1.325
              1.3225
              1.3057
              1.3107
              1.3111
              1.3115
              1.3049
              1.3247
              1.3206
              1.3275
              1.3236
              1.3201
              1.3134
              1.3085
              1.3111
              1.3085
              1.3107
              1.3142
              1.3109
              1.3098
              1.3023
              1.2926
              1.2847
              1.2833
               1.278
              1.2736
              1.2761
              1.2792
              1.2682
               1.266
              1.2434
              1.2285
              1.2385
               1.222
              1.2385
               1.249
              1.2365
              1.2312
               1.249
              1.2387
              1.2385
              1.2412
              1.2502
              1.2425
              1.2342
              1.2362
              1.2301
              1.2244
              1.2252
              1.2285
              1.2076
              1.2042
              1.2035
              1.1884
              1.1927
              1.1987
               1.209
              1.2217
               1.227
              1.2212
              1.2101
              1.2121
              1.2167
              1.2251
              1.2525
              1.2617
              1.2625
               1.275
              1.2692
               1.265
               1.267
              1.2768
              1.2627
              1.2613
              1.2602
              1.2483
              1.2453
              1.2245
               1.229
                1.22
              1.2005
              1.2089
              1.1975
              1.1983
              1.2037
              1.1937
              1.2065
              1.2055
               1.204
              1.2025
              1.2046
              1.2026
              1.1992
               1.192
              1.1896
              1.1903
              1.1855
              1.1767
              1.1705
              1.1715
              1.1765
              1.1655
              1.1635
               1.158
              1.1455
               1.152
              1.1525
              1.1446
              1.1497
              1.1423
              1.1325
              1.1295
               1.113
              1.1206
              1.1225
              1.1207
              1.1216
              1.1255
              1.1246
              1.1138
              1.1172
               1.114
              1.1127
              1.1177
              1.1262
              1.1297
               1.128
              1.1144
              1.1132
              1.1124
              1.1167
              1.1128
              1.0955
              1.0895
              1.0857
              1.0916
              1.1025
              1.0927
              1.0932
              1.0868
               1.088
               1.075
               1.054
               1.042
               1.089
               1.082
              1.0715
              1.0712
              1.0612
              1.0545
              1.0632
              1.0685
              1.0852
                1.09
               1.084
              1.0804
               1.085
              1.1044
               1.136
              1.1382
               1.191
              1.1722
                1.17
              1.1777
              1.2235
               1.225
                1.23
               1.224
              1.2095
              1.2185
               1.194
              1.1993
              1.2205
              1.2461
              1.2502
              1.2807
              1.2765
              1.2809
               1.293
              1.2937
              1.2854
              1.2645
              1.2235
               1.207
              1.2165
              1.2262
              1.2385
              1.2215
               1.219
              1.2075
              1.2085
                1.21
              1.2325
               1.237
               1.253
               1.271
              1.2645
              1.2543
               1.262
              1.2865
              1.2695
              1.2683
              1.2562
              1.2605
              1.2518
               1.263
              1.2735
              1.2865
              1.2925
              1.2815
              1.2602
              1.2712
              1.2675
              1.2593
              1.2655
              1.2639
              1.2654
              1.2785
              1.2766
               1.296
              1.3106
              1.2775
                1.28
              1.2855
              1.2843
              1.2958
              1.2836
               1.312

 
